2965,4029,831.252
2966,2948,1181.83
2968,4029,922.351
2968,2990,478.749
2968,4078,831.743
4029,2965,831.252
4029,2968,922.351
4029,2952,682.718
4029,6969,554.713
4029,6165,327.887
4029,6160,591.172
4274,2948,551.549
4274,2962,829.998
2922,6969,1031.65
2952,4029,682.718
2990,2968,478.749
2990,2948,756.077
2990,346,1649.25
2990,6160,154.337
2948,2966,1181.83
2948,4274,551.549
2948,2990,756.077
2948,6969,859.551
2948,6165,725.992
2948,6160,909.679
2962,4274,829.998
346,2990,1649.25
6969,4029,554.713
6969,2922,1031.65
6969,2948,859.551
6969,2972,963.92
2972,6969,963.92
2972,6160,967.535
4078,2968,831.743
6165,4029,327.887
6165,2948,725.992
6160,4029,591.172
6160,2990,154.337
6160,2948,909.679
6160,2972,967.535
2787,2789,278.949
2786,2789,211.245
2812,2789,364.051
2812,2808,193.195
6067,2789,160.403
2801,2781,329.032
2801,2806,282.625
2789,2787,278.949
2789,2786,211.245
2789,2812,364.051
2789,6067,160.403
2789,2781,305.292
2789,2806,384.238
2789,2810,587.011
2781,2801,329.032
2781,2789,305.292
2781,2806,178.508
2808,2812,193.195
2806,2801,282.625
2806,2789,384.238
2806,2781,178.508
2810,2789,587.011
253,247,408.477
253,246,516.912
248,246,475.167
1044,1084,658.357
1044,246,434.489
247,253,408.477
247,246,207.703
245,970,633.096
245,246,492.047
1084,1044,658.357
1084,246,1085.51
970,245,633.096
298,246,467.245
280,246,260.813
246,253,516.912
246,248,475.167
246,1044,434.489
246,247,207.703
246,245,492.047
246,1084,1085.51
246,298,467.245
246,280,260.813
2709,2673,617.57
2709,2688,449.125
2671,2688,192.949
2672,2673,726.7
2672,2688,813.996
2673,2709,617.57
2673,2672,726.7
2673,6045,677.76
2673,2688,169.395
2683,2688,161.235
2670,2688,106.083
6045,2673,677.76
2688,2709,449.125
2688,2671,192.949
2688,2673,169.395
2688,2683,161.235
2688,2670,106.083
1506,1676,676.124
1506,1678,661.568
1501,1678,595.889
1676,1506,676.124
1676,1509,758.215
1676,7447,763.978
1676,3998,562.085
490,1678,573.348
1509,1676,758.215
7447,1676,763.978
3998,1676,562.085
772,1678,474.636
1678,1506,661.568
1678,1501,595.889
1678,490,573.348
1678,772,474.636
1735,3953,721.748
1735,1663,369.975
3953,1735,721.748
1663,1735,369.975
730,719,73.8492
737,715,524.395
737,709,276.173
737,718,234.727
737,5595,161.019
737,719,339.265
737,442,75.9161
737,746,138.286
737,729,342.204
737,711,220.881
609,742,223.677
609,743,245.392
609,731,264.375
715,737,524.395
715,718,295.657
709,737,276.173
5599,729,98.7978
718,737,234.727
718,715,295.657
5595,737,161.019
5595,743,119.376
742,609,223.677
742,731,60.9844
719,730,73.8492
719,737,339.265
442,737,75.9161
442,460,85.306
743,609,245.392
743,5595,119.376
731,609,264.375
731,742,60.9844
460,442,85.306
746,737,138.286
729,737,342.204
729,5599,98.7978
711,737,220.881
3531,7167,52.555
3531,7162,56.8045
3531,7170,76.2598
3531,7164,11.9488
3531,7171,23.6417
3531,7163,46.6985
7167,7176,5.94702
7162,7161,17.695
7169,7166,9.52171
7170,7169,9.89884
7164,7165,12.9502
2423,4206,74.984
2423,2397,296.53
4200,4206,138.559
2399,4206,217.67
2399,2397,551.541
4206,2423,74.984
4206,4200,138.559
4206,2399,217.67
4206,2400,137.625
4206,4140,408.224
4206,4090,247.545
4206,6011,302.687
4206,3077,1063.4
4206,2429,101.37
4206,2430,144.24
4206,2397,352.299
4206,4002,176.935
4206,4204,147.394
4206,2401,175.016
4206,2433,357.328
4206,6016,108.887
4206,2422,95.4129
4206,2404,268.127
2400,4206,137.625
2400,4090,113.842
2400,2397,486.102
4140,4206,408.224
4140,4090,654.776
4140,3077,656.421
4140,2430,271.249
4140,2433,395.239
6024,2397,279.682
6023,2397,290.703
4090,4206,247.545
4090,2400,113.842
4090,4140,654.776
4090,2429,325.889
4090,2397,598.841
4090,2404,246.307
6011,4206,302.687
6011,2429,367.531
6011,2397,647.26
3077,4206,1063.4
3077,4140,656.421
2429,4206,101.37
2429,4090,325.889
2429,6011,367.531
2429,2397,281.685
6013,2404,93.7257
2430,4206,144.24
2430,4140,271.249
2430,2397,215.736
3304,2397,1547.05
4202,2397,255.578
4203,2397,205.373
6025,2397,229.32
2397,2423,296.53
2397,2399,551.541
2397,4206,352.299
2397,2400,486.102
2397,6024,279.682
2397,6023,290.703
2397,4090,598.841
2397,6011,647.26
2397,2429,281.685
2397,2430,215.736
2397,3304,1547.05
2397,4202,255.578
2397,4203,205.373
2397,6025,229.32
2397,4002,189.449
2397,4204,477.263
2397,2433,362.985
2397,3316,1475.55
2397,2435,265.812
2397,6016,445.46
2397,2422,352.485
2397,3994,385.558
2397,6021,221.32
2397,4199,176.136
2397,6018,163.792
2397,2404,528.859
4002,4206,176.935
4002,2397,189.449
4204,4206,147.394
4204,2397,477.263
2401,4206,175.016
2433,4206,357.328
2433,4140,395.239
2433,2397,362.985
2433,4199,187.886
3316,2397,1475.55
2435,2397,265.812
6016,4206,108.887
6016,2397,445.46
2422,4206,95.4129
2422,2397,352.485
3994,2397,385.558
6021,2397,221.32
4199,2397,176.136
4199,2433,187.886
6018,2397,163.792
2404,4206,268.127
2404,4090,246.307
2404,6013,93.7257
2404,2397,528.859
5726,3830,186.253
5726,3678,146.176
4042,3830,156.395
4042,3678,109.991
3591,3678,202.106
3830,5726,186.253
3830,4042,156.395
3678,5726,146.176
3678,4042,109.991
3678,3591,202.106
7144,7145,19.6425
7144,3808,56.8766
7145,7144,19.6425
7145,7147,14.8861
7145,3808,37.585
7147,7145,14.8861
7147,3808,39.5424
3808,7144,56.8766
3808,7145,37.585
3808,7147,39.5424
3808,7146,16.4021
7146,3808,16.4021
5506,5504,110.697
5506,6727,60.6486
5512,154,97.8229
62,5496,114.482
62,6727,444.203
62,146,590.52
5496,62,114.482
5496,5529,104.014
5496,5515,99.1964
5496,146,700.375
5496,149,490.99
5504,5506,110.697
5504,5535,74.36
5481,5508,52.3602
5481,5499,71.5991
5481,154,144.626
80,111,588.515
80,154,235.627
80,161,130.142
80,202,317.376
5520,6727,112.581
5520,5515,145.711
5520,154,351.154
5508,5481,52.3602
5508,6728,45.2623
5508,154,93.017
6727,5506,60.6486
6727,62,444.203
6727,5520,112.581
6727,154,342.013
6727,5535,156.686
111,80,588.515
111,146,144.757
5499,5481,71.5991
5499,7253,85.3121
5529,5496,104.014
5529,5515,103.935
6728,5508,45.2623
6728,154,68.0166
5515,5496,99.1964
5515,5520,145.711
5515,5529,103.935
146,62,590.52
146,5496,700.375
146,111,144.757
146,149,305.989
149,5496,490.99
149,146,305.989
154,5512,97.8229
154,5481,144.626
154,80,235.627
154,5520,351.154
154,6727,342.013
154,6728,68.0166
7253,5499,85.3121
7253,5535,128.339
161,80,130.142
161,202,188.21
5535,5504,74.36
5535,6727,156.686
5535,7253,128.339
202,80,317.376
202,161,188.21
1187,4059,323.741
4119,5687,674.825
5687,4119,674.825
5687,4059,622.838
4059,1187,323.741
4059,5687,622.838
3885,3316,880.384
3370,3316,1645.56
4120,3316,1356.28
3199,3316,1378.31
3386,3316,2267.92
3077,3316,1594.08
3179,3316,609.073
3992,2397,1637.54
3992,2276,1058.4
3304,3316,184.862
2397,3992,1637.54
2397,3316,1475.55
3387,3316,2277.43
3373,3316,1495.27
3308,3316,374.279
3351,3316,2429.91
3034,3316,706.872
3035,3034,146.378
3239,3316,1200.39
3205,3316,679.126
3316,3885,880.384
3316,3370,1645.56
3316,4120,1356.28
3316,3199,1378.31
3316,3386,2267.92
3316,3077,1594.08
3316,3179,609.073
3316,3304,184.862
3316,2397,1475.55
3316,3387,2277.43
3316,3373,1495.27
3316,3308,374.279
3316,3351,2429.91
3316,3034,706.872
3316,3035,833.351
3316,3239,1200.39
3316,3205,679.126
3316,4302,1744.56
3316,2276,2002.18
4302,3316,1744.56
2276,3992,1058.4
2276,3316,2002.18
345,382,278.641
1558,382,341.144
1558,346,393.608
1558,1678,335.293
382,345,278.641
382,1558,341.144
382,1609,281.471
382,342,412.239
382,351,376.776
382,1613,328.28
1609,382,281.471
342,382,412.239
346,1558,393.608
351,382,376.776
1613,382,328.28
1678,1558,335.293
5734,4058,51.8002
580,5673,1256.67
580,1080,1259.43
1218,1074,762.086
1218,5673,516.441
1218,1080,578.265
1525,1074,1248.95
1538,1074,1269.21
302,1074,1356.18
302,5673,1161.72
302,1080,1168.89
344,5673,1208.97
1074,1218,762.086
1074,1525,1248.95
1074,1538,1269.21
1074,302,1356.18
1074,1534,1121.06
1074,1335,1085.98
1074,1359,940.474
1074,4317,2081.39
1074,1539,1347.1
1534,1074,1121.06
1066,1359,821.401
1335,1074,1085.98
1359,1074,940.474
1359,1066,821.401
1359,5673,700.667
5673,580,1256.67
5673,1218,516.441
5673,302,1161.72
5673,344,1208.97
5673,1359,700.667
5673,3998,446.588
4317,1074,2081.39
1080,580,1259.43
1080,1218,578.265
1080,302,1168.89
1539,1074,1347.1
2895,2896,120.647
2895,2897,74.4335
2895,2844,50.6309
2895,2848,177.382
2895,2746,207.914
2896,2895,120.647
2896,2897,46.8603
2897,2895,74.4335
2897,2896,46.8603
2844,2895,50.6309
2848,2895,177.382
2746,2895,207.914
2875,2881,259.171
2878,2881,120.914
2878,2893,39.4429
2881,2878,120.914
2881,6460,142.016
2881,1762,556.989
2881,2879,161.463
6460,2881,142.016
6460,2879,19.637
1762,2881,556.989
2879,2881,161.463
2879,6460,19.637
2893,2878,39.4429
3370,3393,599.996
3370,3395,759.655
3370,2244,2185.65
3275,3373,1987.87
3375,4380,867.312
3375,3393,535.883
3375,3395,636.879
3375,6345,451.106
3375,3386,485.473
3375,3400,1007.01
3375,3382,934.862
3375,3399,1544.41
4380,3375,867.312
4380,4108,621.692
4380,3368,505.369
6342,6345,378.453
3393,3370,599.996
3393,3375,535.883
3393,3371,411.405
3393,4109,789.923
3393,3404,1060.77
3393,3386,825.734
3393,3179,1587.31
3393,4085,606.492
3393,4301,278.379
3393,3384,560.827
3393,3382,404.733
3393,3372,374.224
3393,4033,436.19
3393,4097,945.514
3393,3387,888.188
3393,3388,738.65
3393,3364,909.645
3393,3406,907.942
3393,6347,749.493
3393,4030,807.802
3393,3374,660.579
3393,4108,784.057
3393,2275,968.486
3393,3368,889.982
3393,3369,652.27
3393,3399,1437.24
3393,6392,868.656
3393,3376,457.43
3393,6390,828.403
3393,3379,349.194
3393,6366,540.245
3393,6361,294.015
3371,3393,411.405
3371,3395,581.905
3371,3385,425.858
3371,3383,394.548
3395,3370,759.655
3395,3375,636.879
3395,3371,581.905
3395,6434,726.4
3395,4120,839.945
3395,6345,835.2
3395,3389,793.045
3395,3386,981.879
3395,3077,839.818
3395,3179,1594.19
3395,3930,1369.53
3395,4085,558.471
3395,6380,796.017
3395,4055,626.327
3395,6381,721.043
3395,4301,158.183
3395,3384,726.521
3395,3382,392.887
3395,6379,743.489
3395,3394,328.44
3395,3372,524.709
3395,6431,383.126
3395,4033,340.241
3395,6376,540.469
3395,4097,784.976
3395,3156,2691.47
3395,3388,884.758
3395,3373,609.244
3395,3364,966.824
3395,3406,1058.7
3395,2268,1110.13
3395,4144,1309.15
3395,6347,810.41
3395,4030,914.73
3395,3374,819.081
3395,3390,1023.81
3395,4108,876.055
3395,2275,1139.48
3395,3368,960.343
3395,3369,700.486
3395,3399,1287.11
3395,6392,1034.55
3395,3376,609.649
3395,6390,976.844
3395,3396,208.054
3395,3379,386.929
3395,3383,962.35
3395,6366,425.355
3395,4149,806.262
3395,6361,445.502
4109,3393,789.923
4109,3400,1007.85
4109,3383,520.092
4109,6355,789.087
3404,3393,1060.77
3404,3386,606.824
3404,3400,518.965
3404,4108,276.967
3404,4149,412.955
6434,3395,726.4
6434,4144,702.571
6353,3388,533.506
3385,3371,425.858
3385,3384,306.982
4120,3395,839.945
4120,3387,969.775
6345,3375,451.106
6345,6342,378.453
6345,3395,835.2
3389,3395,793.045
3386,3375,485.473
3386,3393,825.734
3386,3395,981.879
3386,3404,606.824
3077,3395,839.818
3077,4033,915.056
3077,6361,597.58
3179,3393,1587.31
3179,3395,1594.19
3366,3400,388.959
3400,3375,1007.01
3400,4109,1007.85
3400,3404,518.965
3400,3366,388.959
3400,3387,1121.78
3400,3388,1037.41
3400,6347,779.464
3400,4108,765.174
3400,3369,886.835
3400,6392,1258.85
3400,3376,1212.92
3400,4149,927.041
3930,3395,1369.53
4085,3393,606.492
4085,3395,558.471
4085,3372,946.138
6380,3395,796.017
6380,3383,336.398
6432,6431,386.247
4055,3395,626.327
6381,3395,721.043
6381,3406,360.191
6386,3394,743.661
6386,3376,492.67
4301,3393,278.379
4301,3395,158.183
4301,3379,311.471
3397,3399,662.334
3384,3393,560.827
3384,3395,726.521
3384,3385,306.982
3384,3387,341.449
3382,3375,934.862
3382,3393,404.733
3382,3395,392.887
3382,3394,274.092
3382,3387,1194.03
3382,4108,1183.73
3382,2276,1156.52
3382,6403,531.325
3382,3383,965.1
3382,6366,798.039
3382,4149,1068.78
6379,3395,743.489
6379,3383,219.683
3394,3395,328.44
3394,6386,743.661
3394,3382,274.092
3394,6431,687.805
3394,4030,592.881
3394,6392,867.965
3394,4149,808.511
3372,3393,374.224
3372,3395,524.709
3372,4085,946.138
3372,4030,479.459
3372,3369,878.842
6431,3395,383.126
6431,6432,386.247
6431,3394,687.805
4033,3393,436.19
4033,3395,340.241
4033,3077,915.056
4033,6400,415.309
6376,3395,540.469
4097,3393,945.514
4097,3395,784.976
4097,3379,1103.67
4097,6366,815.279
6385,3379,549.763
6400,4033,415.309
6400,3388,830.798
6400,4030,952.596
6400,6366,384.686
3156,3395,2691.47
3387,3393,888.188
3387,4120,969.775
3387,3400,1121.78
3387,3384,341.449
3387,3382,1194.03
3388,3393,738.65
3388,3395,884.758
3388,6353,533.506
3388,3400,1037.41
3388,6400,830.798
3388,3379,613.993
3373,3275,1987.87
3373,3395,609.244
3373,3205,820.698
3373,3376,676.317
5475,3376,408.709
3364,3393,909.645
3364,3395,966.824
3364,6403,786.42
3364,8043,638.619
3406,3393,907.942
3406,3395,1058.7
3406,6381,360.191
3406,2244,1872.84
2268,3395,1110.13
3205,3373,820.698
4144,3395,1309.15
4144,6434,702.571
4144,3369,620.361
4144,156,4992.56
6347,3393,749.493
6347,3395,810.41
6347,3400,779.464
6347,3392,369.106
2244,3370,2185.65
2244,3406,1872.84
4030,3393,807.802
4030,3395,914.73
4030,3394,592.881
4030,3372,479.459
4030,6400,952.596
4030,4108,1366.74
4030,6392,983.388
4030,6355,362.67
3374,3393,660.579
3374,3395,819.081
3390,3395,1023.81
4108,4380,621.692
4108,3393,784.057
4108,3395,876.055
4108,3404,276.967
4108,3400,765.174
4108,3382,1183.73
4108,4030,1366.74
4108,3379,503.302
2276,3382,1156.52
2275,3393,968.486
2275,3395,1139.48
3368,4380,505.369
3368,3393,889.982
3368,3395,960.343
3369,3393,652.27
3369,3395,700.486
3369,3400,886.835
3369,3372,878.842
3369,4144,620.361
3399,3375,1544.41
3399,3393,1437.24
3399,3395,1287.11
3399,3397,662.334
3399,3379,1308.05
3399,6409,305.65
6368,3379,269.626
6392,3393,868.656
6392,3395,1034.55
6392,3400,1258.85
6392,3394,867.965
6392,4030,983.388
3376,3393,457.43
3376,3395,609.649
3376,3400,1212.92
3376,6386,492.67
3376,3373,676.317
3376,5475,408.709
6390,3393,828.403
6390,3395,976.844
6403,3382,531.325
6403,3364,786.42
3396,3395,208.054
3379,3393,349.194
3379,3395,386.929
3379,4301,311.471
3379,4097,1103.67
3379,6385,549.763
3379,3388,613.993
3379,4108,503.302
3379,3399,1308.05
3379,6368,269.626
3379,6366,403.727
3379,8043,294.995
3383,3371,394.548
3383,3395,962.35
3383,4109,520.092
3383,6380,336.398
3383,3382,965.1
3383,6379,219.683
6366,3393,540.245
6366,3395,425.355
6366,3382,798.039
6366,4097,815.279
6366,6400,384.686
6366,3379,403.727
4149,3395,806.262
4149,3404,412.955
4149,3400,927.041
4149,3382,1068.78
4149,3394,808.511
6361,3393,294.015
6361,3395,445.502
6361,3077,597.58
6409,3399,305.65
3392,6347,369.106
156,4144,4992.56
8043,3364,638.619
8043,3379,294.995
6355,4109,789.087
6355,4030,362.67
6729,7115,130.55
7106,3832,197.236
3832,7106,197.236
3832,3420,142.161
3420,7114,42.8403
7114,6729,79.1888
7115,3832,107.657
1128,1590,243.867
1590,1128,243.867
5965,7214,38.5645
5965,7215,15.0316
7214,5965,38.5645
7215,3423,6.31538
3423,5965,12.3341
6156,4364,1742.66
8428,2988,1155.02
2948,2988,388.615
2961,2988,997.025
6151,2988,1347.42
4364,6156,1742.66
4364,2988,1466.69
6143,6140,401.512
6143,2988,1358.4
6140,6143,401.512
6140,2988,1022.22
4368,2988,777.467
2988,8428,1155.02
2988,2948,388.615
2988,2961,997.025
2988,6151,1347.42
2988,4364,1466.69
2988,6143,1358.4
2988,6140,1022.22
2988,4368,777.467
3043,3069,216.774
3043,3076,148.6
3069,3043,216.774
3069,3076,142.204
3069,2194,2130.79
3068,3076,193.033
3076,3043,148.6
3076,3069,142.204
3076,3068,193.033
3076,2188,2197.64
3076,3071,90.6489
3076,3125,411.195
3076,3304,1641.79
3076,2194,2026.96
3076,3072,119.565
3076,3073,161.988
3076,3074,120.536
2188,3076,2197.64
2072,3076,3250.25
3071,3076,90.6489
3125,3076,411.195
3304,3076,1641.79
2194,3069,2130.79
2194,3076,2026.96
3072,3076,119.565
3073,3076,161.988
3074,3076,120.536
2965,6147,1538.75
2908,2979,541.936
4029,2979,1840.13
2188,2979,1208.18
2979,2908,541.936
2979,4029,1840.13
2979,2188,1208.18
2979,340,2998.34
2979,1701,2113.08
2979,2939,2013.35
2979,4374,1629.81
2979,2960,1582.05
2979,2990,1484.3
2979,2948,2224.88
2979,2991,1119.7
2979,2975,1309.58
340,2979,2998.34
6138,6147,1438.21
2937,6147,1831.47
1701,2979,2113.08
2939,2979,2013.35
4374,2979,1629.81
4374,6147,1508.37
2960,2979,1582.05
2960,6147,1577.13
2990,2979,1484.3
2990,6147,1412.15
6147,2965,1538.75
6147,6138,1438.21
6147,2937,1831.47
6147,4374,1508.37
6147,2960,1577.13
6147,2990,1412.15
6147,2948,2160.58
6147,2972,1461.3
6147,4078,1182.84
6147,2991,1048.35
6147,2975,1209.96
6147,4111,1188.95
2948,2979,2224.88
2948,6147,2160.58
2972,6147,1461.3
4078,6147,1182.84
2991,2979,1119.7
2991,6147,1048.35
2975,2979,1309.58
2975,6147,1209.96
4111,6147,1188.95
5498,128,238.23
128,5498,238.23
3670,3988,5302.31
3988,3670,5302.31
3988,3797,5303.04
3988,3576,4423.28
3988,1760,3744.71
3797,3988,5303.04
3576,3988,4423.28
3576,1760,911.069
1760,3988,3744.71
1760,3576,911.069
42,54,333.601
42,97,244.542
42,176,264.387
49,176,949.773
54,42,333.601
54,97,172.479
97,42,244.542
97,54,172.479
156,176,921.646
176,42,264.387
176,156,921.646
176,178,1042.56
178,49,152.852
1783,1824,190.447
1783,1850,178.68
1794,1824,875.363
1796,1824,958.848
1789,1824,478.02
1793,1824,704.893
1792,1824,651.499
1852,1824,798.026
1852,1825,899.909
1852,1850,830.92
1797,1824,773.46
1800,1824,792.065
1804,1824,285.273
1804,1825,416.284
1804,1840,449.376
1804,3867,1272.93
1804,1847,1182.03
1767,1824,656.365
1909,1824,1100.23
1807,1824,1005.9
1786,1824,313.358
3797,1824,2091.02
1824,1783,190.447
1824,1794,875.363
1824,1796,958.848
1824,1789,478.02
1824,1793,704.893
1824,1792,651.499
1824,1852,798.026
1824,1797,773.46
1824,1800,792.065
1824,1804,285.273
1824,1767,656.365
1824,1909,1100.23
1824,1807,1005.9
1824,1786,313.358
1824,3797,2091.02
1824,3576,1274.19
1824,1819,619.125
1824,1825,443.117
1824,1829,228.086
1824,1836,410.278
1824,3621,698.652
1824,1840,731.709
1824,1885,1187.03
1824,3867,1517.42
1824,1848,212.392
1824,1846,444.086
1824,1847,1429.71
1824,1854,189.186
1824,1853,421.16
1824,1856,201.368
3576,1824,1274.19
1819,1824,619.125
1825,1852,899.909
1825,1804,416.284
1825,1824,443.117
1825,1850,446.371
1825,1824,443.117
1829,1824,228.086
1836,1824,410.278
1836,1850,380.725
3621,1824,698.652
3621,1850,707.837
1840,1804,449.376
1840,1824,731.709
1840,1850,704.78
1885,1824,1187.03
3867,1804,1272.93
3867,1824,1517.42
1848,1824,212.392
1846,1824,444.086
1847,1804,1182.03
1847,1824,1429.71
1850,1783,178.68
1850,1852,830.92
1850,1825,446.371
1850,1836,380.725
1850,3621,707.837
1850,1840,704.78
1850,1856,172.595
1854,1824,189.186
1853,1824,421.16
1856,1824,201.368
1856,1850,172.595
2179,2050,1118.87
2057,2050,1243.61
3093,2050,622.14
2188,2050,1047.83
2048,2050,398.875
2050,2179,1118.87
2050,2057,1243.61
2050,3093,622.14
2050,2188,1047.83
2050,2048,398.875
1688,4053,1392.52
1688,1678,1345.56
4315,1678,1199.16
4053,1688,1392.52
4053,293,962.455
4053,1130,1998.51
4053,7447,809.33
4053,4057,1978.33
293,4053,962.455
293,1678,946.023
1665,1742,777.642
1130,4053,1998.51
1130,1678,1954.98
1132,4057,190.311
7447,4053,809.33
1742,1665,777.642
1742,1678,696.044
4197,1678,2073.69
1737,1678,744.551
4057,4053,1978.33
4057,1678,1934.13
1678,1688,1345.56
1678,4315,1199.16
1678,293,946.023
1678,1130,1954.98
1678,1132,1999.15
1678,1742,696.044
1678,4197,2073.69
1678,1737,744.551
1678,4057,1934.13
1706,344,1305.6
1706,352,1288.19
1706,350,1145.79
1230,350,1080.43
737,344,738.629
3941,344,1213.29
3941,350,1045.19
1688,344,1511.15
1688,350,1356.02
1218,344,703.824
1218,352,849.746
1218,350,618.021
1739,350,588.27
1321,344,584.89
1321,350,424.208
1216,350,689.943
1538,344,477.78
353,350,301.664
1501,344,813.803
1501,350,638.226
302,350,260.661
1489,344,595.526
1489,350,470.94
1519,344,807.772
1519,350,652.153
1460,344,992.851
1460,338,849.917
1460,352,1012.59
1460,350,820.029
344,1706,1305.6
344,737,738.629
344,3941,1213.29
344,1688,1511.15
344,1218,703.824
344,1321,584.89
344,1538,477.78
344,1501,813.803
344,1489,595.526
344,1519,807.772
344,1460,992.851
344,1074,1419.47
344,1509,1004.19
344,1200,777.41
344,338,288.523
344,599,594.429
344,535,556.602
344,1682,1444.09
344,1626,1211.93
344,1555,671.391
344,382,245.159
344,1452,1398.91
344,1225,874.755
344,1479,1348.95
344,1458,1382.15
344,4322,438.447
344,1462,1081.15
344,348,224.376
344,507,331.945
344,1638,1149.76
344,478,434.577
344,346,270.72
344,1524,368.964
344,1561,769.617
344,1354,497.978
344,5673,1208.97
344,1657,978.878
344,3998,810.191
344,1587,317.193
344,1742,870.001
344,1562,518.93
344,1203,518.143
344,1472,1437.8
344,1205,519.138
344,772,302.107
344,4317,1261.54
344,1646,713.431
344,1486,1042.1
344,1206,663.023
344,548,305.988
344,1508,937.118
344,337,292.838
344,1612,338.531
344,1056,2003.12
344,1590,1918.69
344,1080,1230.92
344,1539,428.654
344,287,980.176
344,1613,463.516
344,2988,1276.61
344,1550,415.401
344,1226,1173.06
344,1209,603.14
344,1208,541.134
344,1678,243.414
1074,344,1419.47
1509,344,1004.19
1509,352,1068.08
1509,350,828.972
1200,344,777.41
1200,352,791.366
1200,350,607.767
338,1460,849.917
338,344,288.523
338,350,263.318
373,346,286.701
373,3998,859.278
373,4317,1262.8
373,1206,683.172
599,344,594.429
345,1742,900.43
535,344,556.602
1682,344,1444.09
1682,350,1306.5
1626,344,1211.93
1626,350,1181.76
1555,344,671.391
1555,352,745.947
1555,350,497.896
382,344,245.159
352,1706,1288.19
352,1218,849.746
352,1460,1012.59
352,1509,1068.08
352,1200,791.366
352,1555,745.947
352,1452,1405.62
352,1524,473.89
352,1561,828.551
352,3998,951.137
352,1742,862.303
352,1206,687.386
352,548,402.095
352,350,261.34
352,1539,484.125
352,1613,427.114
352,2988,1131.98
342,1742,916.082
1452,344,1398.91
1452,352,1405.62
1452,350,1228.57
1452,337,1308.95
1225,344,874.755
1225,350,782.172
1468,344,1287.6
1479,344,1348.95
1458,344,1382.15
4322,344,438.447
669,350,484.226
1462,344,1081.15
1462,350,923.717
348,344,224.376
348,350,231.995
507,344,331.945
507,350,470.036
1638,344,1149.76
1638,350,1138.94
478,344,434.577
478,350,593.466
1423,1742,743.062
582,337,347.296
346,344,270.72
346,373,286.701
346,1742,599.589
346,337,288.482
1524,344,368.964
1524,352,473.89
1524,350,212.633
1561,344,769.617
1561,352,828.551
1354,344,497.978
5673,344,1208.97
1657,344,978.878
3998,344,810.191
3998,373,859.278
3998,352,951.137
3998,350,708.021
1587,344,317.193
1742,344,870.001
1742,345,900.43
1742,352,862.303
1742,342,916.082
1742,1423,743.062
1742,346,599.589
1742,350,708.882
1742,337,762.065
1562,344,518.93
1203,344,518.143
1472,344,1437.8
1205,344,519.138
772,344,302.107
772,350,384.499
4317,344,1261.54
4317,373,1262.8
4317,350,1117.52
1646,344,713.431
1646,350,549.24
1486,344,1042.1
1486,350,878.581
1206,344,663.023
1206,373,683.172
1206,352,687.386
1206,350,491.019
548,344,305.988
548,352,402.095
548,350,453.553
350,1706,1145.79
350,1230,1080.43
350,3941,1045.19
350,1688,1356.02
350,1218,618.021
350,1739,588.27
350,1321,424.208
350,1216,689.943
350,353,301.664
350,1501,638.226
350,302,260.661
350,1489,470.94
350,1519,652.153
350,1460,820.029
350,1509,828.972
350,1200,607.767
350,338,263.318
350,1682,1306.5
350,1626,1181.76
350,1555,497.896
350,352,261.34
350,1452,1228.57
350,1225,782.172
350,669,484.226
350,1462,923.717
350,348,231.995
350,507,470.036
350,1638,1138.94
350,478,593.466
350,1524,212.633
350,3998,708.021
350,1742,708.882
350,772,384.499
350,4317,1117.52
350,1646,549.24
350,1486,878.581
350,1206,491.019
350,548,453.553
350,1508,760.499
350,337,317.157
350,1613,339.281
350,2988,1270.1
350,1209,430.258
350,1208,380.164
1508,344,937.118
1508,350,760.499
337,344,292.838
337,1452,1308.95
337,582,347.296
337,346,288.482
337,1742,762.065
337,350,317.157
1612,344,338.531
1056,344,2003.12
1590,344,1918.69
1080,344,1230.92
1539,344,428.654
1539,352,484.125
287,344,980.176
1613,344,463.516
1613,352,427.114
1613,350,339.281
2988,344,1276.61
2988,352,1131.98
2988,350,1270.1
1550,344,415.401
1226,344,1173.06
1209,344,603.14
1209,350,430.258
1208,344,541.134
1208,350,380.164
1678,344,243.414
6712,3832,252.979
3417,6712,84.4552
7116,7236,26.6291
7105,3420,41.7395
3832,3417,178.244
3832,7116,103.4
3832,3420,142.161
3832,7246,82.6476
3832,7112,81.7619
3832,7113,125.739
3420,7105,41.7395
3420,3832,142.161
7236,3832,129.529
7246,7110,38.4536
7110,3832,49.7142
7112,3832,81.7619
7113,3832,125.739
7115,3832,107.657
7217,3599,22.1437
7217,7218,16.0142
4385,7094,3570.18
3599,4385,3546.52
3599,7093,39.7388
3599,8202,115.2
3599,5964,72.2549
3599,7201,95.0491
3599,7095,13.3193
3599,8199,99.3283
3599,7098,70.8821
3599,7099,41.6607
6960,3599,94.0519
7093,7206,32.4204
8202,3430,11.303
7213,7096,11.5396
5964,3599,72.2549
5964,7098,36.0835
7201,6960,17.3304
7094,7212,3.64112
7096,3599,77.2414
7206,3599,70.8024
7095,7217,10.5752
8199,8200,14.0112
7212,3599,22.0304
8200,8201,6.69383
3430,3599,122.182
7098,3599,70.8821
7098,5964,36.0835
7218,3599,36.4667
8201,8203,32.9243
7099,7213,26.8984
8203,3599,94.9401
1177,1186,45.3547
1187,4059,323.741
1138,1143,189.481
1138,4059,166.703
1173,4059,564.03
1140,1138,48.894
1140,4059,174.147
1141,1143,155.176
1141,4059,208.711
1144,5694,87.6971
1143,1138,189.481
1143,1141,155.176
1145,1177,198.28
1145,4059,262.81
1145,1186,153.236
5694,1144,87.6971
5694,4059,255.795
4059,1177,414.813
4059,1187,323.741
4059,1138,166.703
4059,1173,564.03
4059,1140,174.147
4059,1141,208.711
4059,1145,262.81
4059,5694,255.795
5695,1147,87.989
1186,1145,153.236
1186,4059,373.916
2423,4206,74.984
2423,2397,296.53
3269,2397,681.606
3885,4140,1329.29
3885,2397,1359.21
3272,2397,779.924
4200,4206,138.559
4200,4090,126.666
4200,2397,488.16
3370,2397,794.061
2399,2397,551.541
4206,2423,74.984
4206,4200,138.559
4206,2400,137.625
4206,4140,408.224
4206,2425,81.629
4206,4201,125.814
4206,4090,247.545
4206,6011,302.687
4206,3077,1063.4
4206,3930,1882.88
4206,2429,101.37
4206,4203,197.504
4206,2397,352.299
4206,4002,176.935
4206,4204,147.394
4206,2401,175.016
4206,2433,357.328
4206,2372,1746.52
4206,3316,1505.21
4206,6016,108.887
4206,2422,95.4129
4206,4199,291.24
4206,2404,268.127
3275,2397,1732.38
2400,4206,137.625
2400,4090,113.842
2400,2429,212.138
2400,2397,486.102
2400,2404,202.893
4140,3885,1329.29
4140,4206,408.224
4140,3077,656.421
4140,3121,662.701
4140,3316,1479.79
6733,2397,174.247
2425,4206,81.629
2425,2397,389.342
4201,4206,125.814
4201,4090,188.194
4201,2397,437.159
4090,4200,126.666
4090,4206,247.545
4090,2400,113.842
4090,4201,188.194
4090,2429,325.889
4090,2430,385.522
4090,2397,598.841
4090,2433,504.158
4090,2404,246.307
6011,4206,302.687
6011,2397,647.26
3199,2397,1101.69
3077,4206,1063.4
3077,4140,656.421
3077,2430,922.342
3077,2397,711.967
3930,4206,1882.88
3930,2397,1620.98
2429,4206,101.37
2429,2400,212.138
2429,4090,325.889
2429,2397,281.685
2429,2422,172.09
3992,2397,1637.54
2430,4090,385.522
2430,3077,922.342
2430,2397,215.736
3304,2397,1547.05
4202,2397,255.578
4203,4206,197.504
4203,2397,205.373
3121,4140,662.701
3121,2397,717.996
2397,2423,296.53
2397,3269,681.606
2397,3885,1359.21
2397,3272,779.924
2397,4200,488.16
2397,3370,794.061
2397,2399,551.541
2397,4206,352.299
2397,3275,1732.38
2397,2400,486.102
2397,6733,174.247
2397,2425,389.342
2397,4201,437.159
2397,4090,598.841
2397,6011,647.26
2397,3199,1101.69
2397,3077,711.967
2397,3930,1620.98
2397,2429,281.685
2397,3992,1637.54
2397,2430,215.736
2397,3304,1547.05
2397,4202,255.578
2397,4203,205.373
2397,3121,717.996
2397,4002,189.449
2397,4204,477.263
2397,2401,490.289
2397,3364,1786.97
2397,2433,362.985
2397,2372,1510.5
2397,3406,1150.37
2397,3035,1155.92
2397,6026,232.456
2397,3205,1001.2
2397,3316,1475.55
2397,2435,265.812
2397,2422,352.485
2397,3994,385.558
2397,2276,730.349
2397,6021,221.32
2397,4199,176.136
2397,6022,223.046
2397,6018,163.792
2397,3383,718.374
2397,2404,528.859
4002,4206,176.935
4002,2397,189.449
4204,4206,147.394
4204,2397,477.263
2401,4206,175.016
2401,2397,490.289
3364,2397,1786.97
2433,4206,357.328
2433,4090,504.158
2433,2397,362.985
2372,4206,1746.52
2372,2397,1510.5
3406,2397,1150.37
3035,2397,1155.92
6026,2397,232.456
3205,2397,1001.2
6014,2404,205.247
3316,4206,1505.21
3316,4140,1479.79
3316,2397,1475.55
2435,2397,265.812
6016,4206,108.887
2422,4206,95.4129
2422,2429,172.09
2422,2397,352.485
3994,2397,385.558
2276,2397,730.349
6021,2397,221.32
4199,4206,291.24
4199,2397,176.136
6022,2397,223.046
6018,2397,163.792
3383,2397,718.374
2404,4206,268.127
2404,2400,202.893
2404,4090,246.307
2404,2397,528.859
2404,6014,205.247
2874,4146,35.6427
2874,6079,52.8387
4146,2874,35.6427
6079,2874,52.8387
6112,4371,270.15
4362,6110,146.179
4362,6113,292.626
4362,7480,160.943
4362,2948,454.49
4362,2949,370.658
4362,4371,411.964
4362,2985,588.531
6110,4362,146.179
6113,4362,292.626
7480,4362,160.943
2948,4362,454.49
2948,2949,624.861
2948,2989,703.906
2949,4362,370.658
2949,2948,624.861
2949,2985,896.871
2949,663,343.746
4371,6112,270.15
4371,4362,411.964
4352,2985,1761.46
2989,2948,703.906
2989,2985,618.158
2985,4362,588.531
2985,2949,896.871
2985,4352,1761.46
2985,2989,618.158
663,2949,343.746
2651,4312,247.22
2651,2649,201.71
2651,2650,687.652
2645,2649,158.544
2645,2650,761.389
4312,2651,247.22
4312,2650,444.171
2649,2651,201.71
2649,2645,158.544
2649,2650,889.116
2650,2651,687.652
2650,2645,761.389
2650,4312,444.171
2650,2649,889.116
2442,6777,189.738
6777,2442,189.738
29,5487,175.666
32,37,268.64
32,183,283.189
32,196,528.125
37,32,268.64
37,196,370.458
5487,29,175.666
5487,132,56.9641
40,55,464.958
40,75,255.641
49,196,633.159
50,147,444.077
50,5534,92.7264
50,187,162.707
54,155,276.703
55,40,464.958
55,5495,529.767
55,100,1303.22
55,132,730.489
55,140,243.514
55,148,492.973
55,170,184.747
5495,55,529.767
5495,75,244.934
5495,148,43.0498
69,183,84.2733
69,196,676.941
75,40,255.641
75,5495,244.934
100,55,1303.22
132,29,159.394
132,5487,56.9641
132,50,134.558
132,55,730.489
132,5534,42.3643
132,187,288.897
132,196,705.779
140,55,243.514
141,132,524.566
147,41,180.745
148,55,492.973
148,5495,43.0498
152,170,107.022
155,54,276.703
155,196,422.466
160,132,911.969
5534,50,92.7264
5534,132,42.3643
170,55,184.747
170,152,107.022
183,32,283.189
183,69,84.2733
187,50,162.707
187,141,247.598
196,32,528.125
196,37,370.458
196,49,633.159
196,69,676.941
196,132,705.779
196,155,422.466
196,183,756.948
41,132,286.028
2994,3131,773.669
2994,2997,275.979
2994,3043,1006.54
2994,3093,470.056
2994,3007,537.434
2994,3141,541.972
2994,3098,326.514
2994,3144,854.492
2994,3017,321.455
3042,2997,846.068
3042,3043,237.288
3042,3093,793.897
3042,3141,517.75
3042,3066,243.082
3001,2997,225.56
3001,3093,493.642
3885,2997,1883.04
3885,3093,1832.02
3131,2994,773.669
3131,2997,530.444
3131,3043,974.977
3131,3136,211.526
3131,3093,1079.56
3131,3141,315.65
3131,3098,966.073
3131,3105,976.712
3131,3144,169.173
3131,3015,569.858
3131,3017,462.033
3131,3153,312.832
2997,2994,275.979
2997,3042,846.068
2997,3001,225.56
2997,3885,1883.04
2997,3131,530.444
2997,3043,1034.84
2997,3135,622.448
2997,3136,660.509
2997,3093,707.229
2997,2188,1196.8
2997,3007,263.944
2997,3141,384.333
2997,3008,314.368
2997,3089,837.061
2997,3098,566.245
2997,3105,735.41
2997,3144,642.454
2997,2194,988.087
2997,3015,424.121
2997,3316,2436.81
2997,3112,1035.99
2997,3153,781.464
3043,2994,1006.54
3043,3042,237.288
3043,3131,974.977
3043,2997,1034.84
3043,3093,815.623
3043,6443,529.323
3043,6173,309.62
3043,3141,740.327
3043,3050,374.141
3043,3038,196.688
3043,3098,842.983
3043,3144,860.294
3043,3015,612.135
3043,3061,293.258
3043,3020,441.807
3135,2997,622.448
3135,3093,1211.6
3135,3141,453.892
3135,3144,251.709
3136,3131,211.526
3136,2997,660.509
3136,3093,1272.85
3136,2188,1728.22
3136,3141,523.049
3136,3153,121.106
3093,2994,470.056
3093,3042,793.897
3093,3001,493.642
3093,3885,1832.02
3093,3131,1079.56
3093,2997,707.229
3093,3043,815.623
3093,3135,1211.6
3093,3136,1272.85
3093,2188,1356.76
3093,6173,904.372
3093,3007,934.648
3093,3141,772.688
3093,3008,411.862
3093,3100,315.051
3093,3125,506.497
3093,3105,263.126
3093,3144,1093.93
3093,3015,530.56
3093,3061,532.311
3093,3017,718.559
3093,3020,587.061
3093,3316,2584.44
3093,3112,398.923
6443,3043,529.323
2188,2997,1196.8
2188,3136,1728.22
2188,3093,1356.76
2188,3141,1578.42
2188,3144,1822.98
6173,3043,309.62
6173,3093,904.372
6173,3050,171.567
3007,2994,537.434
3007,2997,263.944
3007,3093,934.648
3141,2994,541.972
3141,3042,517.75
3141,3131,315.65
3141,2997,384.333
3141,3043,740.327
3141,3135,453.892
3141,3136,523.049
3141,3093,772.688
3141,2188,1578.42
3141,3098,669.306
3141,3144,328.524
3141,3017,308.805
3141,3020,334.337
3141,3066,313.831
3008,2997,314.368
3008,3093,411.862
3008,3015,236.573
3008,3020,395.075
3050,3043,374.141
3050,6173,171.567
3050,3038,177.769
3038,3043,196.688
3038,3050,177.769
3089,2997,837.061
3100,3093,315.051
3100,3112,89.7526
3098,2994,326.514
3098,3131,966.073
3098,2997,566.245
3098,3043,842.983
3098,3141,669.306
3125,3093,506.497
3105,3131,976.712
3105,2997,735.41
3105,3093,263.126
3105,3061,272.563
3144,2994,854.492
3144,3131,169.173
3144,2997,642.454
3144,3043,860.294
3144,3135,251.709
3144,3093,1093.93
3144,2188,1822.98
3144,3141,328.524
3144,3017,567.548
3144,3153,382.287
3144,3066,384.378
2194,2997,988.087
3015,3131,569.858
3015,2997,424.121
3015,3043,612.135
3015,3093,530.56
3015,3008,236.573
3015,3017,375.617
3061,3043,293.258
3061,3093,532.311
3061,3105,272.563
3017,2994,321.455
3017,3131,462.033
3017,3093,718.559
3017,3141,308.805
3017,3144,567.548
3017,3015,375.617
3020,3043,441.807
3020,3093,587.061
3020,3141,334.337
3020,3008,395.075
3316,2997,2436.81
3316,3093,2584.44
3112,2997,1035.99
3112,3093,398.923
3112,3100,89.7526
3153,3131,312.832
3153,2997,781.464
3153,3136,121.106
3153,3144,382.287
3066,3042,243.082
3066,3141,313.831
3066,3144,384.378
3533,1935,148.458
4029,1590,1623.16
1594,1605,176.728
1594,1590,169.334
1555,1590,1415.59
1605,1594,176.728
337,1590,1768.04
1590,4029,1623.16
1590,1594,169.334
1590,1555,1415.59
1590,337,1768.04
1122,5686,292.054
1122,5688,302.7
1122,4119,144.932
5686,1122,292.054
5686,5688,331.344
2188,1122,1233.3
5688,1122,302.7
5688,5686,331.344
1121,5686,364.681
1121,4119,153.742
1121,5687,525.117
4119,2188,1237.96
4119,1121,153.742
4119,5687,674.825
5687,1122,579.148
5687,1121,525.117
54,68,413.525
54,4244,487.632
54,139,319.365
54,145,78.8374
54,206,71.5876
68,54,413.525
4244,54,487.632
139,54,319.365
145,54,78.8374
206,54,71.5876
3235,3239,308.659
3235,3236,148.351
3213,3222,84.2828
3213,3239,268.761
3213,3236,226.387
6198,3223,165.259
6198,6197,281.043
3222,3213,84.2828
3222,4001,76.9439
3222,3239,331.431
3222,3237,268.615
3223,6198,165.259
3223,6197,118.355
4001,3213,124.035
4001,3222,76.9439
4001,3239,305.153
3239,3235,308.659
3239,3213,268.761
3239,3222,331.431
3239,4001,305.153
3239,3236,161.485
3239,6197,237.718
3236,3235,148.351
3236,3239,161.485
3237,3213,204.073
6197,6198,281.043
6197,3223,118.355
6197,3239,237.718
4029,6123,860.494
4029,4363,436.759
3964,4363,776.835
2922,4363,775.007
6123,4029,860.494
4363,4029,436.759
4363,3964,776.835
4363,2922,775.007
1688,3953,1418.88
1452,3953,1492.3
1452,415,1663.32
3953,1688,1418.88
3953,1452,1492.3
415,1452,1663.32
3885,3930,2279.47
3885,2372,2297.7
6008,2370,228.632
2370,6008,228.632
2370,2378,280.107
2370,3992,505.287
2370,2372,180.931
2305,3930,350.016
2378,2370,280.107
2378,3992,519.209
2378,3942,588.27
2246,3930,2005.23
3077,3930,1286.0
3930,3885,2279.47
3930,2305,350.016
3930,2246,2005.23
3930,3077,1286.0
3930,3992,534.348
3930,2397,1620.98
3930,3942,604.705
3930,3205,2213.63
3930,3390,345.907
3992,2370,505.287
3992,2378,519.209
3992,3930,534.348
2397,3930,1620.98
3942,2378,588.27
3942,3930,604.705
2372,3885,2297.7
2372,2370,180.931
3205,3930,2213.63
3390,3930,345.907
8225,55,758.896
8225,128,223.813
29,132,159.394
29,147,321.721
32,37,268.64
32,69,233.383
32,196,528.125
37,32,268.64
37,68,213.638
37,196,370.458
5487,132,56.9641
5487,41,232.426
40,55,464.958
40,75,255.641
49,196,633.159
50,132,134.558
50,5534,92.7264
54,155,276.703
55,8225,758.896
55,40,464.958
55,5495,529.767
55,5509,74.9592
55,100,1303.22
55,132,730.489
55,140,243.514
55,148,492.973
55,154,391.092
55,170,184.747
60,196,224.821
5495,55,529.767
5495,148,43.0498
68,37,213.638
69,32,233.383
69,183,84.2733
69,196,676.941
72,196,120.47
75,40,255.641
5509,55,74.9592
100,55,1303.22
128,8225,223.813
132,29,159.394
132,5487,56.9641
132,50,134.558
132,55,730.489
132,160,911.969
132,5534,42.3643
132,196,705.779
140,55,243.514
140,41,205.293
146,154,900.692
147,29,321.721
148,55,492.973
148,5495,43.0498
152,170,107.022
154,55,391.092
154,146,900.692
155,54,276.703
155,196,422.466
160,132,911.969
5534,50,92.7264
5534,132,42.3643
170,55,184.747
170,152,107.022
183,69,84.2733
183,196,756.948
196,32,528.125
196,37,370.458
196,49,633.159
196,60,224.821
196,69,676.941
196,72,120.47
196,132,705.779
196,155,422.466
41,5487,232.426
41,140,205.293
2305,2359,547.609
2359,2305,547.609
2359,3992,268.039
2359,2311,510.34
3992,2359,268.039
2311,2359,510.34
2311,2372,150.772
2372,2311,150.772
7177,3693,128.892
7177,7117,24.0754
3531,3774,252.269
7220,6714,60.0238
7220,3571,85.3977
7217,7218,16.0142
3774,3531,252.269
3774,5967,316.919
3774,3599,397.315
3774,3610,159.258
3774,3628,59.0638
3774,3832,260.308
3774,3664,117.069
3774,6718,440.455
3774,7088,391.321
3774,3865,124.946
5967,3774,316.919
5967,7091,10.7682
5967,5962,42.592
5967,5964,26.4434
5967,7098,59.7393
5967,7090,76.7375
6713,5962,34.3531
6713,7219,17.574
6714,7220,60.0238
6714,3571,58.5237
4385,3599,3546.52
7199,7087,9.07844
7199,7200,12.5298
3599,3774,397.315
3599,6960,94.0519
3599,7093,39.7388
3599,6716,152.53
3599,7213,66.863
3599,5964,72.2549
3599,7094,24.0047
3599,7096,77.2414
3599,7095,13.3193
3599,7097,75.2122
3599,8199,99.3283
3599,8200,111.21
3599,7216,87.1748
3599,7218,36.4667
3599,5968,135.262
3599,7099,41.6607
7178,6755,45.7931
7178,3693,74.1264
3571,7220,85.3977
3571,6714,58.5237
3571,7092,150.718
3571,3414,179.287
3411,3420,249.756
3411,3620,114.529
3610,3774,159.258
7091,7238,40.5997
7238,7239,26.1825
6960,3599,94.0519
6960,7201,17.3304
6755,7178,45.7931
6755,3693,56.5027
7093,7206,32.4204
7184,7190,39.7838
7184,3615,94.4656
7087,7199,9.07844
7087,7207,34.553
3628,3774,59.0638
3832,3774,260.308
3832,3420,142.161
3832,3764,267.209
3832,6722,224.16
3832,3620,372.023
3420,3411,249.756
3420,3832,142.161
3764,3832,267.209
3764,7108,68.5698
3764,6717,60.8444
3764,7111,33.526
3764,6722,43.28
6715,3615,196.268
6715,6724,38.327
7185,3615,72.4773
7185,7188,15.3606
5962,5967,42.592
5962,6713,34.3531
3664,3774,117.069
6716,7209,29.1347
6716,5968,18.5557
7108,7208,69.3644
7179,7181,19.2786
7179,3693,58.8635
6717,3764,60.8444
6717,7111,34.5895
7219,6713,17.574
7219,7090,20.9883
7190,7184,39.7838
7190,7192,39.3202
7190,7088,73.3906
7213,3599,66.863
7213,7096,11.5396
5964,5967,26.4434
5964,3599,72.2549
5964,7098,36.0835
7207,7087,34.553
7207,6718,67.423
7207,7193,51.4193
7201,3599,95.0491
7201,6960,17.3304
6718,3774,440.455
6718,7207,67.423
6718,5966,12.5283
6718,7200,58.9586
7183,7186,7.27695
7183,7187,50.8623
7094,7212,3.64112
6719,3693,78.7461
7096,3599,77.2414
7096,7213,11.5396
7096,7201,30.1169
7206,3599,70.8024
7095,3599,13.3193
7208,3764,25.2432
7097,7098,23.8739
5966,6718,12.5283
5966,7216,27.7003
6720,3599,153.057
8199,8200,14.0112
8199,8201,20.7048
7092,3571,150.718
7092,3620,59.4519
7111,3764,33.526
7111,6717,34.5895
7111,7208,14.2984
7212,4385,3567.55
7180,7177,29.1795
7180,3693,154.511
3615,7184,94.4656
3615,6715,196.268
3615,7185,72.4773
3615,7183,64.0021
3615,6723,121.457
3615,7192,126.182
3615,6724,162.618
3615,7186,56.7295
3615,7088,146.174
3615,7187,108.797
3615,7193,118.009
3615,7188,61.4565
8200,6720,42.0028
8200,8201,6.69383
7181,7179,19.2786
7181,3693,43.064
3693,7177,128.892
3693,7178,74.1264
3693,6755,56.5027
3693,7179,58.8635
3693,7181,43.064
3693,6721,149.761
3693,7117,147.388
3693,7182,73.936
3693,6725,48.1438
6721,3693,149.761
6721,3414,133.874
3414,3571,179.287
3414,6721,133.874
7216,3599,87.1748
7216,5966,27.7003
6722,3832,224.16
6722,3764,43.28
7239,7240,8.54005
7098,5967,59.7393
7098,3599,70.8821
7098,5964,36.0835
3620,3411,114.529
3620,3832,372.023
3620,7092,59.4519
7209,3599,144.019
7117,7180,7.38202
6723,3615,121.457
6723,7187,71.2045
7090,5967,76.7375
7090,7219,20.9883
7192,7190,39.3202
7192,3615,126.182
7192,7088,35.731
7240,7241,19.7342
7191,7088,48.6829
7191,7193,5.47101
7241,5967,97.7684
6724,6715,38.327
6724,3615,162.618
7200,7199,12.5298
7200,6718,58.9586
